-0.0460167
0.117708
0.0827409
0.0404072
-0.0385544
-0.055322
-0.0430579
-0.230189
0.14304
-0.122591
0.218974
-0.06074
-0.177079
-0.101179
0.043598
0.1893
-0.197367
-0.17646
-0.0911268
-0.00513766
-0.0230236
0.00939252
0.0845159
-0.0178679
-0.0138187
-0.352106
-0.119819
-0.109329
0.118269
0.00768493
-0.0617253
-0.00207517
-0.191975
-0.1233
0.0545403
0.0719999
-0.0684475
-0.10096
0.227635
-0.0523138
-0.25664
0.0880486
0.068798
0.210648
0.165703
0.0417612
0.0277903
-0.183562
0.155576
-0.0837899
0.048407
0.123476
0.187351
0.0371469
0.0379939
-0.121703
0.0302544
0.129763
-0.167424
0.0137692
0.180562
-0.0346846
-0.000726161
-0.0474318
0.190647
0.0367315
-0.0789664
-0.162854
0.122791
-0.0720292
-0.0710277
0.0759712
-0.153161
-0.163749
-0.287987
0.00603301
0.423217
0.00136158
-0.146487
0.0137508
-0.0354119
-0.0269715
0.0774481
0.141962
-0.0458655
-0.0592132
-0.0954305
-0.0334164
0.211748
-0.0736143
-0.0244603
0.113264
-0.0301841
0.0341013
-0.0276491
0.0398908
-0.0938148
0.0705472
-0.176116
-0.0521551
0.0179709
-0.00173313
-0.0241472
0.0910893
-0.164299
0.103208
0.0297631
0.00548471
0.0707459
-0.00765955
-0.077457
-0.0518086
0.121411
-0.229487
0.207759
0.174623
0.0270629
0.0879376
0.0891008
0.0955382
-0.017267
0.0111646
-0.274898
-0.0870129
0.116829
0.0285807
0.0700659
0.0249281