-0.0383949
0.112372
0.0631332
0.0420709
-0.0472842
-0.0440868
-0.0502928
-0.243066
0.148062
-0.122168
0.192783
-0.0672412
-0.153199
-0.105117
0.0334902
0.185915
-0.183795
-0.161636
-0.0882218
-0.00387158
-0.00562786
-0.000827496
0.0891341
-0.00634895
-0.00746647
-0.348195
-0.133692
-0.105214
0.125605
0.00524604
-0.052263
-0.0104348
-0.192556
-0.114535
0.0422331
0.0663574
-0.0633222
-0.101138
0.223123
-0.0596584
-0.244632
0.0915549
0.0749137
0.184639
0.159831
0.0562759
0.0284751
-0.168684
0.158526
-0.0865816
0.0491165
0.113577
0.160877
0.049109
0.0315134
-0.129753
0.0406727
0.130214
-0.167414
0.0233067
0.163732
-0.0282224
-0.0114114
-0.00857185
0.215998
0.0712325
-0.0702875
-0.171881
0.127791
-0.0925283
-0.052128
0.0656793
-0.14212
-0.152422
-0.266532
0.0153183
0.421108
0.00624754
-0.164017
0.0121071
-0.0367153
-0.00872589
0.0886272
0.141043
-0.0493159
-0.0499467
-0.10294
-0.0565521
0.2083
-0.0674105
-0.013456
0.156465
-0.00598312
0.0370252
-0.0109125
0.0361442
-0.0964036
0.0507322
-0.169724
-0.0673731
0.0427924
0.00771787
-0.018854
0.0939819
-0.161335
0.122192
0.0112804
0.0131876
0.0702946
-0.00351485
-0.0696326
-0.0605878
0.123038
-0.213114
0.200553
0.154957
0.0227837
0.0965986
0.0897723
0.123446
-0.00852508
0.0176573
-0.250137
-0.0747648
0.111442
0.0146961
0.0483268
0.0281288