-0.0400312
0.114047
0.0706403
0.0360039
-0.0499892
-0.0508212
-0.0542104
-0.240704
0.142494
-0.120487
0.201501
-0.0698002
-0.159388
-0.103471
0.0350728
0.189412
-0.187516
-0.154561
-0.0917724
-0.00516896
-0.00033945
-0.00434286
0.0911224
-0.00309299
-0.00877412
-0.348211
-0.131809
-0.111133
0.122241
0.0126353
-0.0565098
-0.0141691
-0.17666
-0.117311
0.0405304
0.0598652
-0.0593029
-0.0955976
0.22027
-0.0627512
-0.244804
0.085343
0.0720125
0.185682
0.167039
0.0659329
0.0344905
-0.16707
0.159419
-0.0910935
0.0499245
0.107941
0.156222
0.0459104
0.0391784
-0.135243
0.0405508
0.130805
-0.171338
0.0163073
0.162444
-0.0291914
-0.0148679
-0.0166828
0.215738
0.0715546
-0.0739616
-0.168166
0.127934
-0.0894368
-0.0537982
0.0627389
-0.149885
-0.147578
-0.271078
0.00825753
0.422802
0.0063459
-0.167331
0.00525334
-0.0343324
-0.00652932
0.0954489
0.13351
-0.0435455
-0.0556344
-0.106969
-0.0624505
0.193471
-0.0787691
-0.00786995
0.153081
-0.0043663
0.0366318
-0.0104386
0.0435223
-0.104676
0.0582076
-0.170583
-0.0631774
0.044059
0.0122735
-0.0155624
0.0840813
-0.159057
0.122035
0.011823
0.0166489
0.0643784
-0.0091491
-0.0699184
-0.0619897
0.127383
-0.207324
0.190316
0.16244
0.0198878
0.0973393
0.0862901
0.119439
-0.0145962
0.0201971
-0.254226
-0.0727254
0.110485
0.0114651
0.0455945
0.0286419