-0.0380789
0.118343
0.0672189
0.034574
-0.0518073
-0.0529198
-0.0520882
-0.238612
0.152857
-0.117233
0.198544
-0.0692467
-0.163024
-0.101603
0.0373155
0.190195
-0.184975
-0.161245
-0.0953434
-0.00811817
-0.0081807
0.000945343
0.0913265
-0.000927188
-0.0155126
-0.352003
-0.13077
-0.111301
0.118928
0.00505028
-0.0591929
-0.007131
-0.17781
-0.119788
0.0469814
0.0658184
-0.0636798
-0.0988275
0.218936
-0.0560508
-0.249294
0.0879364
0.0703603
0.190359
0.158164
0.060811
0.0403323
-0.172707
0.161416
-0.0865778
0.0494351
0.110696
0.152371
0.0454255
0.0379677
-0.134755
0.0398105
0.134598
-0.172962
0.0198622
0.17216
-0.0338409
-0.0238289
-0.0192353
0.212399
0.0781673
-0.0717096
-0.174732
0.125737
-0.0951985
-0.0603311
0.0638997
-0.144557
-0.147808
-0.270523
0.0063925
0.416927
0.0023971
-0.168473
0.0060293
-0.0284114
-0.0017623
0.0942209
0.138458
-0.0527437
-0.0458622
-0.107572
-0.0630129
0.204287
-0.072526
-0.00800457
0.149611
-0.00245591
0.0395458
-0.00466731
0.0391369
-0.105168
0.05207
-0.172455
-0.0609397
0.0430613
0.00674839
-0.0246462
0.0794848
-0.159453
0.125617
0.0134904
0.0121718
0.0610036
-0.00838305
-0.0674084
-0.0620476
0.129682
-0.209449
0.195157
0.163136
0.0261642
0.0982121
0.0871068
0.117204
-0.0166021
0.0214084
-0.252882
-0.0760622
0.113718
0.00937702
0.0461495
0.0239173